*
Color table for GIFA
*
64
  0.0 0.0000 0.0000
 90.0 1.0000 0.8000
  0.0 0.0000 0.0000
 90.0 0.0000 0.8000
 56.2 1.0000 1.0000
 52.5 1.0000 1.0000
 48.8 1.0000 1.0000
 45.0 1.0000 1.0000
 41.2 1.0000 1.0000
 37.5 1.0000 1.0000
 33.8 1.0000 1.0000
 30.0 1.0000 1.0000
 26.2 1.0000 1.0000
 22.5 1.0000 1.0000
 18.8 1.0000 1.0000
 15.0 1.0000 1.0000
 11.2 1.0000 1.0000
  7.5 1.0000 1.0000
  3.8 1.0000 1.0000
  0.0 1.0000 1.0000
356.2 1.0000 1.0000
352.5 1.0000 1.0000
348.8 1.0000 1.0000
345.0 1.0000 1.0000
341.2 1.0000 1.0000
337.5 1.0000 1.0000
333.8 1.0000 1.0000
330.0 1.0000 1.0000
326.2 1.0000 1.0000
322.5 1.0000 1.0000
318.8 1.0000 1.0000
315.0 1.0000 1.0000
311.2 1.0000 1.0000
307.5 1.0000 1.0000
303.8 1.0000 1.0000
  0.0 0.0000 0.0000
236.2 0.0000 0.0000
232.5 0.0000 0.0000
228.8 0.0000 0.0000
225.0 0.0000 0.0000
221.2 0.0000 0.0000
217.5 0.0000 0.0000
213.8 0.0000 0.0000
210.0 0.0000 0.0000
206.2 0.0000 0.0000
202.5 0.0000 0.0000
198.8 0.0000 0.0000
195.0 0.0000 0.0000
191.2 0.0000 0.0000
187.5 0.0000 0.0000
183.8 0.0000 0.0000
180.0 0.0000 0.0000
176.2 0.0000 0.0000
172.5 0.0000 0.0000
168.8 0.0000 0.0000
165.0 0.0000 0.0000
161.2 0.0000 0.0000
157.5 0.0000 0.0000
153.8 0.0000 0.0000
150.0 0.0000 0.0000
146.2 0.0000 0.0000
142.5 0.0000 0.0000
138.8 0.0000 0.0000
135.0 0.0000 0.0000
131.2 0.0000 0.0000
127.5 0.0000 0.0000
123.8 0.0000 0.0000
120.0 0.0000 0.0000
